Date: 2025-10-21, Close: 53.8849983215332, Volume: 79811400
Date: 2025-10-22, Close: 52.29999923706055, Volume: 134380800
Date: 2025-10-23, Close: 53.61000061035156, Volume: 91245000
Date: 2025-10-24, Close: 55.279998779296875, Volume: 84387600
